archivo,procesos,tiempo,tiempo_com,costo
5nodos.txt,1,9.2471e-05,1.0906e-05,19
5nodos.txt,2,2.0203e-05,0.000861923,19
5nodos.txt,3,2.1112e-05,0.00134363,19
5nodos.txt,4,3.2348e-05,0.00107219,19
5nodos.txt,5,1.2518e-05,0.00115062,19
5nodos.txt,6,1.2155e-05,0.00205534,19
5nodos.txt,7,1.1946e-05,0.00130768,19
5nodos.txt,8,1.3318e-05,0.00247686,19
5nodos.txt,9,1.1847e-05,0.00341518,19
5nodos.txt,10,1.3751e-05,0.0088891,19
5nodos.txt,11,1.1618e-05,0.00370568,19
5nodos.txt,12,1.1369e-05,0.00409492,19
5nodos.txt,13,1.1976e-05,0.00545549,19
5nodos.txt,14,1.4546e-05,0.0039241,19
5nodos.txt,15,1.2207e-05,0.00537694,19
5nodos.txt,16,1.1016e-05,0.00673108,19
11nodos.txt,1,0.0182914,8.016e-06,133
11nodos.txt,2,0.0114072,0.000199993,133
11nodos.txt,3,0.00957898,0.00145924,133
11nodos.txt,4,0.00551995,0.00069008,133
11nodos.txt,5,0.00430068,0.00192603,133
11nodos.txt,6,0.00790482,0.00164829,133
11nodos.txt,7,0.0067877,0.000406615,133
11nodos.txt,8,0.00499121,0.00113048,133
11nodos.txt,9,0.00465983,0.00252205,133
11nodos.txt,10,0.0031373,0.0175885,133
11nodos.txt,11,0.00314403,0.00308967,133
11nodos.txt,12,0.00316133,0.00438971,133
11nodos.txt,13,0.00311513,0.00583953,133
11nodos.txt,14,0.0031224,0.00615244,133
11nodos.txt,15,0.00311681,0.00729791,133
11nodos.txt,16,0.00312097,0.00500604,133
12nodos.txt,1,0.0167637,8.207e-06,1733
12nodos.txt,2,0.0100155,0.000179923,1733
12nodos.txt,3,0.00607152,0.00119549,1733
12nodos.txt,4,0.00689452,0.000708495,1733
12nodos.txt,5,0.00322589,0.00309512,1733
12nodos.txt,6,0.0028413,0.00358565,1733
12nodos.txt,7,0.00350803,0.00306298,1733
12nodos.txt,8,0.0059531,0.00104308,1733
12nodos.txt,9,0.00341493,0.00133131,1733
12nodos.txt,10,0.00215467,0.0300056,1733
12nodos.txt,11,0.0016053,0.00439784,1733
12nodos.txt,12,0.00179919,0.00474514,1733
12nodos.txt,13,0.00160836,0.00438633,1733
12nodos.txt,14,0.00158844,0.00653733,1733
12nodos.txt,15,0.00158954,0.00673983,1733
12nodos.txt,16,0.00159704,0.00701441,1733
15nodos.txt,1,0.0929741,1.1534e-05,291
15nodos.txt,2,0.0407009,0.0156963,291
15nodos.txt,3,0.042157,0.00137465,291
15nodos.txt,4,0.0189705,0.0117592,291
15nodos.txt,5,0.0189694,0.0162029,291
15nodos.txt,6,0.0225927,0.00434905,291
15nodos.txt,7,0.0113804,0.0182566,291
15nodos.txt,8,0.00857111,0.0165376,291
15nodos.txt,9,0.0037106,0.0257246,291
15nodos.txt,10,0.0106197,0.0370584,291
15nodos.txt,11,0.00437095,0.0209483,291
15nodos.txt,12,0.00932872,0.0157692,291
15nodos.txt,13,0.01282,0.0150765,291
15nodos.txt,14,0.00213882,0.0277732,291
15nodos.txt,15,0.00214771,0.0275379,291
15nodos.txt,16,0.00215678,0.0218165,291
17nodos.txt,1,16.318,3.3385e-05,2085
17nodos.txt,2,8.28831,0.524477,2085
17nodos.txt,3,5.70995,0.991687,2085
17nodos.txt,4,3.58625,1.31518,2085
17nodos.txt,5,4.58457,0.0360224,2085
17nodos.txt,6,3.38062,0.760624,2085
17nodos.txt,7,1.39896,2.79251,2085
17nodos.txt,8,0.465085,2.78166,2085
17nodos.txt,9,0.890827,3.62383,2085
17nodos.txt,10,0.827895,3.22093,2085
17nodos.txt,11,2.60672,1.48857,2085
17nodos.txt,12,1.4718,1.29479,2085
17nodos.txt,13,1.50622,2.6463,2085
17nodos.txt,14,0.835246,1.96355,2085
17nodos.txt,15,2.31425,0.0816691,2085
17nodos.txt,16,0.34502,2.09959,2085
